Global Frequent Itemsets: 
tion: 
1 11 
1 36 
1 38 
1 40 
2 3 
2 5 
2 9 
2 11 
2 15 
2 16 
2 18 
2 29 
2 36 
2 40 
3 5 
3 6 
3 10 
3 11 
3 15 
3 16 
3 18 
3 23 
3 27 
3 34 
3 36 
3 38 
3 40 
4 5 
4 6 
4 13 
4 16 
4 18 
4 19 
4 23 
4 26 
4 27 
4 30 
4 36 
4 38 
4 40 
5 6 
5 11 
5 15 
5 16 
5 18 
5 36 
5 40 
6 10 
6 11 
6 13 
6 15 
6 16 
6 18 
6 21 
6 23 
6 26 
6 27 
6 34 
6 36 
6 38 
6 40 
7 11 
7 36 
7 40 
8 16 
8 23 
8 25 
8 27 
9 11 
9 16 
9 29 
9 35 
9 40 
10 11 
10 15 
10 18 
10 21 
10 34 
10 36 
10 38 
10 40 
11 15 
11 16 
11 18 
11 19 
11 29 
11 34 
11 35 
11 36 
11 38 
11 40 
13 18 
13 26 
13 38 
15 16 
15 18 
15 23 
15 27 
15 34 
15 36 
15 38 
15 40 
16 18 
16 19 
16 23 
16 25 
16 26 
16 27 
16 29 
16 30 
16 34 
16 36 
16 38 
16 40 
18 23 
18 26 
18 27 
18 29 
18 34 
18 36 
18 37 
18 38 
18 40 
19 23 
19 27 
19 34 
19 38 
19 40 
21 34 
23 25 
23 27 
23 34 
23 38 
23 40 
25 27 
27 34 
27 38 
27 40 
29 35 
29 38 
29 40 
34 36 
34 38 
34 40 
35 38 
35 40 
36 38 
36 40 
37 38 
38 40 
Frequent 3-itemsets in partition: 
1 11 36 
1 11 38 
1 11 40 
1 36 38 
1 36 40 
1 38 40 
2 3 5 
2 3 11 
2 3 15 
2 3 16 
2 3 18 
2 3 36 
2 3 40 
2 5 11 
2 5 15 
2 5 16 
2 5 18 
2 5 36 
2 5 40 
2 9 11 
2 9 16 
2 9 29 
2 9 40 
2 11 15 
2 11 16 
2 11 18 
2 11 29 
2 11 36 
2 11 40 
2 15 16 
2 15 18 
2 15 36 
2 15 40 
2 16 18 
2 16 29 
2 16 36 
2 16 40 
2 18 29 
2 18 36 
2 18 40 
2 29 40 
2 36 40 
3 5 6 
3 5 11 
3 5 15 
3 5 16 
3 5 18 
3 5 36 
3 5 40 
3 6 10 
3 6 11 
3 6 15 
3 6 16 
3 6 18 
3 6 23 
3 6 27 
3 6 34 
3 6 36 
3 6 38 
3 6 40 
3 10 11 
3 10 15 
3 10 18 
3 10 34 
3 10 36 
3 10 38 
3 10 40 
3 11 15 
3 11 16 
3 11 18 
3 11 34 
3 11 36 
3 11 38 
3 11 40 
3 15 16 
3 15 18 
3 15 23 
3 15 27 
3 15 34 
3 15 36 
3 15 38 
3 15 40 
3 16 18 
3 16 23 
3 16 27 
3 16 34 
3 16 36 
3 16 38 
3 16 40 
3 18 23 
3 18 27 
3 18 34 
3 18 36 
3 18 38 
3 18 40 
3 23 27 
3 23 34 
3 23 38 
3 23 40 
3 27 34 
3 27 38 
3 27 40 
3 34 36 
3 34 38 
3 34 40 
3 36 38 
3 36 40 
3 38 40 
4 5 6 
4 5 16 
4 5 18 
4 5 36 
4 5 40 
4 6 13 
4 6 16 
4 6 18 
4 6 23 
4 6 26 
4 6 27 
4 6 36 
4 6 38 
4 6 40 
4 13 18 
4 13 26 
4 13 38 
4 16 18 
4 16 19 
4 16 23 
4 16 26 
4 16 27 
4 16 30 
4 16 36 
4 16 38 
4 16 40 
4 18 23 
4 18 26 
4 18 27 
4 18 36 
4 18 38 
4 18 40 
4 19 23 
4 19 27 
4 19 38 
4 19 40 
4 23 27 
4 23 38 
4 23 40 
4 27 38 
4 27 40 
4 36 38 
4 36 40 
4 38 40 
5 6 11 
5 6 15 
5 6 16 
5 6 18 
5 6 36 
5 6 40 
5 11 15 
5 11 16 
5 11 18 
5 11 36 
5 11 40 
5 15 16 
5 15 18 
5 15 36 
5 15 40 
5 16 18 
5 16 36 
5 16 40 
5 18 36 
5 18 40 
5 36 40 
6 10 11 
6 10 15 
6 10 18 
6 10 21 
6 10 34 
6 10 36 
6 10 38 
6 10 40 
6 11 15 
6 11 16 
6 11 18 
6 11 34 
6 11 36 
6 11 38 
6 11 40 
6 13 18 
6 13 26 
6 13 38 
6 15 16 
6 15 18 
6 15 23 
6 15 27 
6 15 34 
6 15 36 
6 15 38 
6 15 40 
6 16 18 
6 16 23 
6 16 26 
6 16 27 
6 16 34 
6 16 36 
6 16 38 
6 16 40 
6 18 23 
6 18 26 
6 18 27 
6 18 34 
6 18 36 
6 18 38 
6 18 40 
6 21 34 
6 23 27 
6 23 34 
6 23 38 
6 23 40 
6 27 34 
6 27 38 
6 27 40 
6 34 36 
6 34 38 
6 34 40 
6 36 38 
6 36 40 
6 38 40 
7 11 36 
7 11 40 
7 36 40 
8 16 23 
8 16 25 
8 16 27 
8 23 25 
8 23 27 
8 25 27 
9 11 16 
9 11 29 
9 11 35 
9 11 40 
9 16 29 
9 16 40 
9 29 35 
9 29 40 
9 35 40 
10 11 15 
10 11 18 
10 11 34 
10 11 36 
10 11 38 
10 11 40 
10 15 18 
10 15 34 
10 15 36 
10 15 38 
10 15 40 
10 18 34 
10 18 36 
10 18 38 
10 18 40 
10 21 34 
10 34 36 
10 34 38 
10 34 40 
10 36 38 
10 36 40 
10 38 40 
11 15 16 
11 15 18 
11 15 34 
11 15 36 
11 15 38 
11 15 40 
11 16 18 
11 16 19 
11 16 29 
11 16 34 
11 16 36 
11 16 38 
11 16 40 
11 18 29 
11 18 34 
11 18 36 
11 18 38 
11 18 40 
11 19 34 
11 19 38 
11 19 40 
11 29 35 
11 29 38 
11 29 40 
11 34 36 
11 34 38 
11 34 40 
11 35 38 
11 35 40 
11 36 38 
11 36 40 
11 38 40 
13 18 26 
13 18 38 
15 16 18 
15 16 23 
15 16 27 
15 16 34 
15 16 36 
15 16 38 
15 16 40 
15 18 23 
15 18 27 
15 18 34 
15 18 36 
15 18 38 
15 18 40 
15 23 27 
15 23 34 
15 23 38 
15 23 40 
15 27 34 
15 27 38 
15 27 40 
15 34 36 
15 34 38 
15 34 40 
15 36 38 
15 36 40 
15 38 40 
16 18 23 
16 18 26 
16 18 27 
16 18 29 
16 18 34 
16 18 36 
16 18 38 
16 18 40 
16 19 23 
16 19 27 
16 19 34 
16 19 38 
16 19 40 
16 23 25 
16 23 27 
16 23 34 
16 23 38 
16 23 40 
16 25 27 
16 27 34 
16 27 38 
16 27 40 
16 29 38 
16 29 40 
16 34 36 
16 34 38 
16 34 40 
16 36 38 
16 36 40 
16 38 40 
18 23 27 
18 23 34 
18 23 38 
18 23 40 
18 27 34 
18 27 38 
18 27 40 
18 29 38 
18 29 40 
18 34 36 
18 34 38 
18 34 40 
18 36 38 
18 36 40 
18 37 38 
18 38 40 
19 23 27 
19 23 34 
19 23 38 
19 23 40 
19 27 34 
19 27 38 
19 27 40 
19 34 38 
19 34 40 
19 38 40 
23 25 27 
23 27 34 
23 27 38 
23 27 40 
23 34 38 
23 34 40 
23 38 40 
27 34 38 
27 34 40 
27 38 40 
29 35 38 
29 35 40 
29 38 40 
34 36 38 
34 36 40 
34 38 40 
35 38 40 
36 38 40 
Frequent 4-itemsets in partition: 
1 11 36 38 
1 11 36 40 
1 11 38 40 
1 36 38 40 
2 3 5 11 
2 3 5 15 
2 3 5 16 
2 3 5 18 
2 3 5 36 
2 3 5 40 
2 3 11 15 
2 3 11 16 
2 3 11 18 
2 3 11 36 
2 3 11 40 
2 3 15 16 
2 3 15 18 
2 3 15 36 
2 3 15 40 
2 3 16 18 
2 3 16 36 
2 3 16 40 
2 3 18 36 
2 3 18 40 
2 3 36 40 
2 5 11 15 
2 5 11 16 
2 5 11 18 
2 5 11 36 
2 5 11 40 
2 5 15 16 
2 5 15 18 
2 5 15 36 
2 5 15 40 
2 5 16 18 
2 5 16 36 
2 5 16 40 
2 5 18 36 
2 5 18 40 
2 5 36 40 
2 9 11 16 
2 9 11 29 
2 9 11 40 
2 9 16 29 
2 9 16 40 
2 9 29 40 
2 11 15 16 
2 11 15 18 
2 11 15 36 
2 11 15 40 
2 11 16 18 
2 11 16 29 
2 11 16 36 
2 11 16 40 
2 11 18 29 
2 11 18 36 
2 11 18 40 
2 11 29 40 
2 11 36 40 
2 15 16 18 
2 15 16 36 
2 15 16 40 
2 15 18 36 
2 15 18 40 
2 15 36 40 
2 16 18 29 
2 16 18 36 
2 16 18 40 
2 16 29 40 
2 16 36 40 
2 18 29 40 
2 18 36 40 
3 5 6 11 
3 5 6 15 
3 5 6 16 
3 5 6 18 
3 5 6 36 
3 5 6 40 
3 5 11 15 
3 5 11 16 
3 5 11 18 
3 5 11 36 
3 5 11 40 
3 5 15 16 
3 5 15 18 
3 5 15 36 
3 5 15 40 
3 5 16 18 
3 5 16 36 
3 5 16 40 
3 5 18 36 
3 5 18 40 
3 5 36 40 
3 6 10 11 
3 6 10 15 
3 6 10 18 
3 6 10 34 
3 6 10 36 
3 6 10 38 
3 6 10 40 
3 6 11 15 
3 6 11 16 
3 6 11 18 
3 6 11 34 
3 6 11 36 
3 6 11 38 
3 6 11 40 
3 6 15 16 
3 6 15 18 
3 6 15 23 
3 6 15 27 
3 6 15 34 
3 6 15 36 
3 6 15 38 
3 6 15 40 
3 6 16 18 
3 6 16 23 
3 6 16 27 
3 6 16 34 
3 6 16 36 
3 6 16 40 
3 6 18 23 
3 6 18 27 
3 6 18 34 
3 6 18 36 
3 6 18 38 
3 6 18 40 
3 6 23 27 
3 6 23 34 
3 6 23 38 
3 6 23 40 
3 6 27 34 
3 6 27 38 
3 6 27 40 
3 6 34 36 
3 6 34 38 
3 6 34 40 
3 6 36 38 
3 6 36 40 
3 6 38 40 
3 10 11 15 
3 10 11 18 
3 10 11 34 
3 10 11 36 
3 10 11 38 
3 10 11 40 
3 10 15 18 
3 10 15 34 
3 10 15 36 
3 10 15 38 
3 10 15 40 
3 10 18 34 
3 10 18 36 
3 10 18 38 
3 10 18 40 
3 10 34 36 
3 10 34 38 
3 10 34 40 
3 10 36 38 
3 10 36 40 
3 10 38 40 
3 11 15 16 
3 11 15 18 
3 11 15 34 
3 11 15 36 
3 11 15 38 
3 11 15 40 
3 11 16 18 
3 11 16 34 
3 11 16 36 
3 11 16 38 
3 11 16 40 
3 11 18 34 
3 11 18 36 
3 11 18 38 
3 11 18 40 
3 11 34 36 
3 11 34 38 
3 11 34 40 
3 11 36 38 
3 11 36 40 
3 11 38 40 
3 15 16 18 
3 15 16 23 
3 15 16 27 
3 15 16 34 
3 15 16 36 
3 15 16 38 
3 15 16 40 
3 15 18 23 
3 15 18 27 
3 15 18 34 
3 15 18 36 
3 15 18 38 
3 15 18 40 
3 15 23 27 
3 15 23 34 
3 15 23 38 
3 15 23 40 
3 15 27 34 
3 15 27 38 
3 15 27 40 
3 15 34 36 
3 15 34 38 
3 15 34 40 
3 15 36 38 
3 15 36 40 
3 15 38 40 
3 16 18 23 
3 16 18 27 
3 16 18 34 
3 16 18 36 
3 16 18 38 
3 16 18 40 
3 16 23 27 
3 16 23 34 
3 16 23 38 
3 16 23 40 
3 16 27 34 
3 16 27 38 
3 16 27 40 
3 16 34 36 
3 16 34 38 
3 16 34 40 
3 16 36 40 
3 16 38 40 
3 18 23 27 
3 18 23 34 
3 18 23 38 
3 18 23 40 
3 18 27 34 
3 18 27 38 
3 18 27 40 
3 18 34 36 
3 18 34 38 
3 18 34 40 
3 18 36 38 
3 18 36 40 
3 18 38 40 
3 23 27 34 
3 23 27 38 
3 23 27 40 
3 23 34 38 
3 23 34 40 
3 23 38 40 
3 27 34 38 
3 27 34 40 
3 27 38 40 
3 34 36 38 
3 34 36 40 
3 34 38 40 
3 36 38 40 
4 5 6 16 
4 5 6 18 
4 5 6 36 
4 5 6 40 
4 5 16 18 
4 5 16 36 
4 5 16 40 
4 5 18 36 
4 5 18 40 
4 5 36 40 
4 6 13 18 
4 6 13 26 
4 6 13 38 
4 6 16 18 
4 6 16 23 
4 6 16 26 
4 6 16 27 
4 6 16 36 
4 6 16 38 
4 6 16 40 
4 6 18 23 
4 6 18 26 
4 6 18 27 
4 6 18 36 
4 6 18 38 
4 6 18 40 
4 6 23 27 
4 6 23 38 
4 6 23 40 
4 6 27 38 
4 6 27 40 
4 6 36 38 
4 6 36 40 
4 6 38 40 
4 13 18 26 
4 13 18 38 
4 16 18 23 
4 16 18 26 
4 16 18 27 
4 16 18 36 
4 16 18 40 
4 16 19 23 
4 16 19 27 
4 16 19 38 
4 16 19 40 
4 16 23 27 
4 16 23 38 
4 16 23 40 
4 16 27 38 
4 16 27 40 
4 16 36 38 
4 16 36 40 
4 16 38 40 
4 18 23 27 
4 18 23 38 
4 18 23 40 
4 18 27 38 
4 18 27 40 
4 18 36 38 
4 18 36 40 
4 18 38 40 
4 19 23 27 
4 19 23 38 
4 19 23 40 
4 19 27 38 
4 19 27 40 
4 19 38 40 
4 23 27 38 
4 23 27 40 
4 23 38 40 
4 27 38 40 
4 36 38 40 
5 6 11 15 
5 6 11 16 
5 6 11 18 
5 6 11 36 
5 6 11 40 
5 6 15 16 
5 6 15 18 
5 6 15 36 
5 6 15 40 
5 6 16 18 
5 6 16 36 
5 6 16 40 
5 6 18 36 
5 6 18 40 
5 6 36 40 
5 11 15 16 
5 11 15 18 
5 11 15 36 
5 11 15 40 
5 11 16 18 
5 11 16 36 
5 11 16 40 
5 11 18 36 
5 11 18 40 
5 11 36 40 
5 15 16 18 
5 15 16 36 
5 15 16 40 
5 15 18 36 
5 15 18 40 
5 15 36 40 
5 16 18 36 
5 16 18 40 
5 16 36 40 
5 18 36 40 
6 10 11 15 
6 10 11 18 
6 10 11 34 
6 10 11 36 
6 10 11 38 
6 10 11 40 
6 10 15 18 
6 10 15 34 
6 10 15 36 
6 10 15 38 
6 10 15 40 
6 10 18 34 
6 10 18 36 
6 10 18 38 
6 10 18 40 
6 10 21 34 
6 10 34 36 
6 10 34 38 
6 10 34 40 
6 10 36 38 
6 10 36 40 
6 10 38 40 
6 11 15 16 
6 11 15 18 
6 11 15 34 
6 11 15 36 
6 11 15 38 
6 11 15 40 
6 11 16 18 
6 11 16 34 
6 11 16 36 
6 11 16 40 
6 11 18 34 
6 11 18 36 
6 11 18 38 
6 11 18 40 
6 11 34 36 
6 11 34 38 
6 11 34 40 
6 11 36 38 
6 11 36 40 
6 11 38 40 
6 13 18 26 
6 13 18 38 
6 15 16 18 
6 15 16 23 
6 15 16 27 
6 15 16 34 
6 15 16 36 
6 15 16 40 
6 15 18 23 
6 15 18 27 
6 15 18 34 
6 15 18 36 
6 15 18 38 
6 15 18 40 
6 15 23 27 
6 15 23 34 
6 15 23 38 
6 15 23 40 
6 15 27 34 
6 15 27 38 
6 15 27 40 
6 15 34 36 
6 15 34 38 
6 15 34 40 
6 15 36 38 
6 15 36 40 
6 15 38 40 
6 16 18 23 
6 16 18 26 
6 16 18 27 
6 16 18 34 
6 16 18 36 
6 16 18 40 
6 16 23 27 
6 16 23 34 
6 16 23 38 
6 16 23 40 
6 16 27 34 
6 16 27 38 
6 16 27 40 
6 16 34 36 
6 16 34 38 
6 16 34 40 
6 16 36 40 
6 18 23 27 
6 18 23 34 
6 18 23 38 
6 18 23 40 
6 18 27 34 
6 18 27 38 
6 18 27 40 
6 18 34 36 
6 18 34 38 
6 18 34 40 
6 18 36 38 
6 18 36 40 
6 18 38 40 
6 23 27 34 
6 23 27 38 
6 23 27 40 
6 23 34 38 
6 23 34 40 
6 23 38 40 
6 27 34 38 
6 27 34 40 
6 27 38 40 
6 34 36 38 
6 34 36 40 
6 34 38 40 
6 36 38 40 
7 11 36 40 
8 16 23 25 
8 16 23 27 
8 16 25 27 
8 23 25 27 
9 11 16 29 
9 11 16 40 
9 11 29 35 
9 11 29 40 
9 11 35 40 
9 16 29 40 
9 29 35 40 
10 11 15 18 
10 11 15 34 
10 11 15 36 
10 11 15 38 
10 11 15 40 
10 11 18 34 
10 11 18 36 
10 11 18 38 
10 11 18 40 
10 11 34 36 
10 11 34 38 
10 11 34 40 
10 11 36 38 
10 11 36 40 
10 11 38 40 
10 15 18 34 
10 15 18 36 
10 15 18 38 
10 15 18 40 
10 15 34 36 
10 15 34 38 
10 15 34 40 
10 15 36 38 
10 15 36 40 
10 15 38 40 
10 18 34 36 
10 18 34 38 
10 18 34 40 
10 18 36 38 
10 18 36 40 
10 18 38 40 
10 34 36 38 
10 34 36 40 
10 34 38 40 
10 36 38 40 
11 15 16 18 
11 15 16 34 
11 15 16 36 
11 15 16 38 
11 15 16 40 
11 15 18 34 
11 15 18 36 
11 15 18 38 
11 15 18 40 
11 15 34 36 
11 15 34 38 
11 15 34 40 
11 15 36 38 
11 15 36 40 
11 15 38 40 
11 16 18 29 
11 16 18 34 
11 16 18 36 
11 16 18 38 
11 16 18 40 
11 16 19 34 
11 16 19 38 
11 16 19 40 
11 16 29 38 
11 16 29 40 
11 16 34 36 
11 16 34 38 
11 16 34 40 
11 16 36 38 
11 16 36 40 
11 16 38 40 
11 18 29 38 
11 18 29 40 
11 18 34 36 
11 18 34 38 
11 18 34 40 
11 18 36 38 
11 18 36 40 
11 18 38 40 
11 19 34 38 
11 19 34 40 
11 19 38 40 
11 29 35 38 
11 29 35 40 
11 29 38 40 
11 34 36 38 
11 34 36 40 
11 34 38 40 
11 35 38 40 
11 36 38 40 
15 16 18 23 
15 16 18 27 
15 16 18 34 
15 16 18 36 
15 16 18 38 
15 16 18 40 
15 16 23 27 
15 16 23 34 
15 16 23 38 
15 16 23 40 
15 16 27 34 
15 16 27 38 
15 16 27 40 
15 16 34 36 
15 16 34 38 
15 16 34 40 
15 16 36 40 
15 16 38 40 
15 18 23 27 
15 18 23 34 
15 18 23 38 
15 18 23 40 
15 18 27 34 
15 18 27 38 
15 18 27 40 
15 18 34 36 
15 18 34 38 
15 18 34 40 
15 18 36 38 
15 18 36 40 
15 18 38 40 
15 23 27 34 
15 23 27 38 
15 23 27 40 
15 23 34 38 
15 23 34 40 
15 23 38 40 
15 27 34 38 
15 27 34 40 
15 27 38 40 
15 34 36 38 
15 34 36 40 
15 34 38 40 
15 36 38 40 
16 18 23 27 
16 18 23 34 
16 18 23 38 
16 18 23 40 
16 18 27 34 
16 18 27 38 
16 18 27 40 
16 18 29 38 
16 18 29 40 
16 18 34 36 
16 18 34 38 
16 18 34 40 
16 18 36 40 
16 18 38 40 
16 19 23 27 
16 19 23 34 
16 19 23 38 
16 19 23 40 
16 19 27 34 
16 19 27 38 
16 19 27 40 
16 19 34 38 
16 19 34 40 
16 19 38 40 
16 23 25 27 
16 23 27 34 
16 23 27 38 
16 23 27 40 
16 23 34 38 
16 23 34 40 
16 23 38 40 
16 27 34 38 
16 27 34 40 
16 27 38 40 
16 29 38 40 
16 34 36 40 
16 34 38 40 
16 36 38 40 
18 23 27 34 
18 23 27 38 
18 23 27 40 
18 23 34 38 
18 23 34 40 
18 23 38 40 
18 27 34 38 
18 27 34 40 
18 27 38 40 
18 29 38 40 
18 34 36 38 
18 34 36 40 
18 34 38 40 
18 36 38 40 
19 23 27 34 
19 23 27 38 
19 23 27 40 
19 23 34 38 
19 23 34 40 
19 23 38 40 
19 27 34 38 
19 27 34 40 
19 27 38 40 
19 34 38 40 
23 27 34 38 
23 27 34 40 
23 27 38 40 
23 34 38 40 
27 34 38 40 
29 35 38 40 
34 36 38 40 
Frequent 5-itemsets in partition: 
1 11 36 38 40 
2 3 5 11 15 
2 3 5 11 16 
2 3 5 11 18 
2 3 5 11 36 
2 3 5 11 40 
2 3 5 15 16 
2 3 5 15 18 
2 3 5 15 36 
2 3 5 15 40 
2 3 5 16 18 
2 3 5 16 36 
2 3 5 16 40 
2 3 5 18 36 
2 3 5 18 40 
2 3 5 36 40 
2 3 11 15 16 
2 3 11 15 18 
2 3 11 15 36 
2 3 11 15 40 
2 3 11 16 18 
2 3 11 16 36 
2 3 11 16 40 
2 3 11 18 36 
2 3 11 18 40 
2 3 11 36 40 
2 3 15 16 18 
2 3 15 16 36 
2 3 15 16 40 
2 3 15 18 36 
2 3 15 18 40 
2 3 15 36 40 
2 3 16 18 36 
2 3 16 18 40 
2 3 16 36 40 
2 3 18 36 40 
2 5 11 15 16 
2 5 11 15 18 
2 5 11 15 36 
2 5 11 15 40 
2 5 11 16 18 
2 5 11 16 36 
2 5 11 16 40 
2 5 11 18 36 
2 5 11 18 40 
2 5 11 36 40 
2 5 15 16 18 
2 5 15 16 36 
2 5 15 16 40 
2 5 15 18 36 
2 5 15 18 40 
2 5 15 36 40 
2 5 16 18 36 
2 5 16 18 40 
2 5 16 36 40 
2 5 18 36 40 
2 9 11 16 29 
2 9 11 16 40 
2 9 11 29 40 
2 9 16 29 40 
2 11 15 16 18 
2 11 15 16 36 
2 11 15 16 40 
2 11 15 18 36 
2 11 15 18 40 
2 11 15 36 40 
2 11 16 18 29 
2 11 16 18 36 
2 11 16 18 40 
2 11 16 29 40 
2 11 16 36 40 
2 11 18 29 40 
2 11 18 36 40 
2 15 16 18 36 
2 15 16 18 40 
2 15 16 36 40 
2 15 18 36 40 
2 16 18 29 40 
2 16 18 36 40 
3 5 6 11 15 
3 5 6 11 16 
3 5 6 11 18 
3 5 6 11 36 
3 5 6 11 40 
3 5 6 15 16 
3 5 6 15 18 
3 5 6 15 36 
3 5 6 15 40 
3 5 6 16 18 
3 5 6 16 36 
3 5 6 16 40 
3 5 6 18 36 
3 5 6 18 40 
3 5 6 36 40 
3 5 11 15 16 
3 5 11 15 18 
3 5 11 15 36 
3 5 11 15 40 
3 5 11 16 18 
3 5 11 16 36 
3 5 11 16 40 
3 5 11 18 36 
3 5 11 18 40 
3 5 11 36 40 
3 5 15 16 18 
3 5 15 16 36 
3 5 15 16 40 
3 5 15 18 36 
3 5 15 18 40 
3 5 15 36 40 
3 5 16 18 36 
3 5 16 18 40 
3 5 16 36 40 
3 5 18 36 40 
3 6 10 11 15 
3 6 10 11 18 
3 6 10 11 34 
3 6 10 11 36 
3 6 10 11 38 
3 6 10 11 40 
3 6 10 15 18 
3 6 10 15 34 
3 6 10 15 36 
3 6 10 15 38 
3 6 10 15 40 
3 6 10 18 34 
3 6 10 18 36 
3 6 10 18 38 
3 6 10 18 40 
3 6 10 34 36 
3 6 10 34 38 
3 6 10 34 40 
3 6 10 36 38 
3 6 10 36 40 
3 6 10 38 40 
3 6 11 15 16 
3 6 11 15 18 
3 6 11 15 34 
3 6 11 15 36 
3 6 11 15 38 
3 6 11 15 40 
3 6 11 16 18 
3 6 11 16 34 
3 6 11 16 36 
3 6 11 16 40 
3 6 11 18 34 
3 6 11 18 36 
3 6 11 18 38 
3 6 11 18 40 
3 6 11 34 36 
3 6 11 34 38 
3 6 11 34 40 
3 6 11 36 38 
3 6 11 36 40 
3 6 11 38 40 
3 6 15 16 18 
3 6 15 16 23 
3 6 15 16 27 
3 6 15 16 34 
3 6 15 16 36 
3 6 15 16 40 
3 6 15 18 23 
3 6 15 18 27 
3 6 15 18 34 
3 6 15 18 36 
3 6 15 18 38 
3 6 15 18 40 
3 6 15 23 27 
3 6 15 23 34 
3 6 15 23 38 
3 6 15 23 40 
3 6 15 27 34 
3 6 15 27 38 
3 6 15 27 40 
3 6 15 34 36 
3 6 15 34 38 
3 6 15 34 40 
3 6 15 36 38 
3 6 15 36 40 
3 6 15 38 40 
3 6 16 18 23 
3 6 16 18 27 
3 6 16 18 34 
3 6 16 18 36 
3 6 16 18 40 
3 6 16 23 27 
3 6 16 23 40 
3 6 16 27 40 
3 6 16 34 36 
3 6 16 34 40 
3 6 16 36 40 
3 6 18 23 27 
3 6 18 23 34 
3 6 18 23 38 
3 6 18 23 40 
3 6 18 27 34 
3 6 18 27 38 
3 6 18 27 40 
3 6 18 34 36 
3 6 18 34 38 
3 6 18 34 40 
3 6 18 36 38 
3 6 18 36 40 
3 6 18 38 40 
3 6 23 27 34 
3 6 23 27 38 
3 6 23 27 40 
3 6 23 34 38 
3 6 23 34 40 
3 6 23 38 40 
3 6 27 34 38 
3 6 27 34 40 
3 6 27 38 40 
3 6 34 36 38 
3 6 34 36 40 
3 6 34 38 40 
3 6 36 38 40 
3 10 11 15 18 
3 10 11 15 34 
3 10 11 15 36 
3 10 11 15 38 
3 10 11 15 40 
3 10 11 18 34 
3 10 11 18 36 
3 10 11 18 38 
3 10 11 18 40 
3 10 11 34 36 
3 10 11 34 38 
3 10 11 34 40 
3 10 11 36 38 
3 10 11 36 40 
3 10 11 38 40 
3 10 15 18 34 
3 10 15 18 36 
3 10 15 18 38 
3 10 15 18 40 
3 10 15 34 36 
3 10 15 34 38 
3 10 15 34 40 
3 10 15 36 38 
3 10 15 36 40 
3 10 15 38 40 
3 10 18 34 36 
3 10 18 34 38 
3 10 18 34 40 
3 10 18 36 38 
3 10 18 36 40 
3 10 18 38 40 
3 10 34 36 38 
3 10 34 36 40 
3 10 34 38 40 
3 10 36 38 40 
3 11 15 16 18 
3 11 15 16 34 
3 11 15 16 36 
3 11 15 16 38 
3 11 15 16 40 
3 11 15 18 34 
3 11 15 18 36 
3 11 15 18 38 
3 11 15 18 40 
3 11 15 34 36 
3 11 15 34 38 
3 11 15 34 40 
3 11 15 36 38 
3 11 15 36 40 
3 11 15 38 40 
3 11 16 18 34 
3 11 16 18 36 
3 11 16 18 38 
3 11 16 18 40 
3 11 16 34 36 
3 11 16 34 38 
3 11 16 34 40 
3 11 16 36 40 
3 11 16 38 40 
3 11 18 34 36 
3 11 18 34 38 
3 11 18 34 40 
3 11 18 36 38 
3 11 18 36 40 
3 11 18 38 40 
3 11 34 36 38 
3 11 34 36 40 
3 11 34 38 40 
3 11 36 38 40 
3 15 16 18 23 
3 15 16 18 27 
3 15 16 18 34 
3 15 16 18 36 
3 15 16 18 38 
3 15 16 18 40 
3 15 16 23 27 
3 15 16 23 34 
3 15 16 23 38 
3 15 16 23 40 
3 15 16 27 34 
3 15 16 27 38 
3 15 16 27 40 
3 15 16 34 36 
3 15 16 34 38 
3 15 16 34 40 
3 15 16 36 40 
3 15 16 38 40 
3 15 18 23 27 
3 15 18 23 34 
3 15 18 23 38 
3 15 18 23 40 
3 15 18 27 34 
3 15 18 27 38 
3 15 18 27 40 
3 15 18 34 36 
3 15 18 34 38 
3 15 18 34 40 
3 15 18 36 38 
3 15 18 36 40 
3 15 18 38 40 
3 15 23 27 34 
3 15 23 27 38 
3 15 23 27 40 
3 15 23 34 38 
3 15 23 34 40 
3 15 23 38 40 
3 15 27 34 38 
3 15 27 34 40 
3 15 27 38 40 
3 15 34 36 38 
3 15 34 36 40 
3 15 34 38 40 
3 15 36 38 40 
3 16 18 23 27 
3 16 18 23 34 
3 16 18 23 38 
3 16 18 23 40 
3 16 18 27 34 
3 16 18 27 38 
3 16 18 27 40 
3 16 18 34 36 
3 16 18 34 38 
3 16 18 34 40 
3 16 18 36 40 
3 16 18 38 40 
3 16 23 27 34 
3 16 23 27 38 
3 16 23 27 40 
3 16 23 34 38 
3 16 23 34 40 
3 16 23 38 40 
3 16 27 34 38 
3 16 27 34 40 
3 16 27 38 40 
3 16 34 36 40 
3 16 34 38 40 
3 18 23 27 34 
3 18 23 27 38 
3 18 23 27 40 
3 18 23 34 38 
3 18 23 34 40 
3 18 23 38 40 
3 18 27 34 38 
3 18 27 34 40 
3 18 27 38 40 
3 18 34 36 38 
3 18 34 36 40 
3 18 34 38 40 
3 18 36 38 40 
3 23 27 34 38 
3 23 27 34 40 
3 23 27 38 40 
3 23 34 38 40 
3 27 34 38 40 
3 34 36 38 40 
4 5 6 16 18 
4 5 6 16 36 
4 5 6 16 40 
4 5 6 18 36 
4 5 6 18 40 
4 5 6 36 40 
4 5 16 18 36 
4 5 16 18 40 
4 5 16 36 40 
4 5 18 36 40 
4 6 13 18 26 
4 6 16 18 23 
4 6 16 18 26 
4 6 16 18 27 
4 6 16 18 36 
4 6 16 18 40 
4 6 16 23 27 
4 6 16 23 38 
4 6 16 23 40 
4 6 16 27 38 
4 6 16 27 40 
4 6 16 36 40 
4 6 18 23 27 
4 6 18 23 38 
4 6 18 23 40 
4 6 18 27 38 
4 6 18 27 40 
4 6 18 36 38 
4 6 18 36 40 
4 6 18 38 40 
4 6 23 27 38 
4 6 23 27 40 
4 6 23 38 40 
4 6 27 38 40 
4 6 36 38 40 
4 16 18 23 27 
4 16 18 23 40 
4 16 18 27 40 
4 16 18 36 40 
4 16 19 23 27 
4 16 19 23 38 
4 16 19 27 38 
4 16 19 38 40 
4 16 23 27 38 
4 16 23 27 40 
4 16 36 38 40 
4 18 23 27 38 
4 18 23 27 40 
4 18 23 38 40 
4 18 27 38 40 
4 18 36 38 40 
4 19 23 27 38 
4 19 23 27 40 
4 19 23 38 40 
4 19 27 38 40 
4 23 27 38 40 
5 6 11 15 16 
5 6 11 15 18 
5 6 11 15 36 
5 6 11 15 40 
5 6 11 16 18 
5 6 11 16 36 
5 6 11 16 40 
5 6 11 18 36 
5 6 11 18 40 
5 6 11 36 40 
5 6 15 16 18 
5 6 15 16 36 
5 6 15 16 40 
5 6 15 18 36 
5 6 15 18 40 
5 6 15 36 40 
5 6 16 18 36 
5 6 16 18 40 
5 6 16 36 40 
5 6 18 36 40 
5 11 15 16 18 
5 11 15 16 36 
5 11 15 16 40 
5 11 15 18 36 
5 11 15 18 40 
5 11 15 36 40 
5 11 16 18 36 
5 11 16 18 40 
5 11 16 36 40 
5 11 18 36 40 
5 15 16 18 36 
5 15 16 18 40 
5 15 16 36 40 
5 15 18 36 40 
5 16 18 36 40 
6 10 11 15 18 
6 10 11 15 34 
6 10 11 15 36 
6 10 11 15 38 
6 10 11 15 40 
6 10 11 18 34 
6 10 11 18 36 
6 10 11 18 38 
6 10 11 18 40 
6 10 11 34 36 
6 10 11 34 38 
6 10 11 34 40 
6 10 11 36 38 
6 10 11 36 40 
6 10 11 38 40 
6 10 15 18 34 
6 10 15 18 36 
6 10 15 18 38 
6 10 15 18 40 
6 10 15 34 36 
6 10 15 34 38 
6 10 15 34 40 
6 10 15 36 38 
6 10 15 36 40 
6 10 15 38 40 
6 10 18 34 36 
6 10 18 34 38 
6 10 18 34 40 
6 10 18 36 38 
6 10 18 36 40 
6 10 18 38 40 
6 10 34 36 38 
6 10 34 36 40 
6 10 34 38 40 
6 10 36 38 40 
6 11 15 16 18 
6 11 15 16 34 
6 11 15 16 36 
6 11 15 16 40 
6 11 15 18 34 
6 11 15 18 36 
6 11 15 18 38 
6 11 15 18 40 
6 11 15 34 36 
6 11 15 34 38 
6 11 15 34 40 
6 11 15 36 38 
6 11 15 36 40 
6 11 15 38 40 
6 11 16 18 34 
6 11 16 18 36 
6 11 16 18 40 
6 11 16 34 36 
6 11 16 34 40 
6 11 16 36 40 
6 11 18 34 36 
6 11 18 34 38 
6 11 18 34 40 
6 11 18 36 38 
6 11 18 36 40 
6 11 18 38 40 
6 11 34 36 38 
6 11 34 36 40 
6 11 34 38 40 
6 11 36 38 40 
6 15 16 18 23 
6 15 16 18 27 
6 15 16 18 34 
6 15 16 18 36 
6 15 16 18 40 
6 15 16 23 27 
6 15 16 23 40 
6 15 16 27 40 
6 15 16 34 36 
6 15 16 34 40 
6 15 16 36 40 
6 15 18 23 27 
6 15 18 23 34 
6 15 18 23 38 
6 15 18 23 40 
6 15 18 27 34 
6 15 18 27 38 
6 15 18 27 40 
6 15 18 34 36 
6 15 18 34 38 
6 15 18 34 40 
6 15 18 36 38 
6 15 18 36 40 
6 15 18 38 40 
6 15 23 27 34 
6 15 23 27 38 
6 15 23 27 40 
6 15 23 34 38 
6 15 23 34 40 
6 15 23 38 40 
6 15 27 34 38 
6 15 27 34 40 
6 15 27 38 40 
6 15 34 36 38 
6 15 34 36 40 
6 15 34 38 40 
6 15 36 38 40 
6 16 18 23 27 
6 16 18 23 40 
6 16 18 27 40 
6 16 18 34 36 
6 16 18 34 40 
6 16 18 36 40 
6 16 23 27 34 
6 16 23 27 38 
6 16 23 27 40 
6 16 23 34 38 
6 16 27 34 38 
6 16 34 36 40 
6 18 23 27 34 
6 18 23 27 38 
6 18 23 27 40 
6 18 23 34 38 
6 18 23 34 40 
6 18 23 38 40 
6 18 27 34 38 
6 18 27 34 40 
6 18 27 38 40 
6 18 34 36 38 
6 18 34 36 40 
6 18 34 38 40 
6 18 36 38 40 
6 23 27 34 38 
6 23 27 34 40 
6 23 27 38 40 
6 23 34 38 40 
6 27 34 38 40 
6 34 36 38 40 
8 16 23 25 27 
9 11 16 29 40 
9 11 29 35 40 
10 11 15 18 34 
10 11 15 18 36 
10 11 15 18 38 
10 11 15 18 40 
10 11 15 34 36 
10 11 15 34 38 
10 11 15 34 40 
10 11 15 36 38 
10 11 15 36 40 
10 11 15 38 40 
10 11 18 34 36 
10 11 18 34 38 
10 11 18 34 40 
10 11 18 36 38 
10 11 18 36 40 
10 11 18 38 40 
10 11 34 36 38 
10 11 34 36 40 
10 11 34 38 40 
10 11 36 38 40 
10 15 18 34 36 
10 15 18 34 38 
10 15 18 34 40 
10 15 18 36 38 
10 15 18 36 40 
10 15 18 38 40 
10 15 34 36 38 
10 15 34 36 40 
10 15 34 38 40 
10 15 36 38 40 
10 18 34 36 38 
10 18 34 36 40 
10 18 34 38 40 
10 18 36 38 40 
10 34 36 38 40 
11 15 16 18 34 
11 15 16 18 36 
11 15 16 18 38 
11 15 16 18 40 
11 15 16 34 36 
11 15 16 34 38 
11 15 16 34 40 
11 15 16 36 40 
11 15 16 38 40 
11 15 18 34 36 
11 15 18 34 38 
11 15 18 34 40 
11 15 18 36 38 
11 15 18 36 40 
11 15 18 38 40 
11 15 34 36 38 
11 15 34 36 40 
11 15 34 38 40 
11 15 36 38 40 
11 16 18 29 38 
11 16 18 29 40 
11 16 18 34 36 
11 16 18 34 38 
11 16 18 34 40 
11 16 18 36 40 
11 16 18 38 40 
11 16 19 34 38 
11 16 19 34 40 
11 16 19 38 40 
11 16 29 38 40 
11 16 34 36 40 
11 16 34 38 40 
11 16 36 38 40 
11 18 29 38 40 
11 18 34 36 38 
11 18 34 36 40 
11 18 34 38 40 
11 18 36 38 40 
11 19 34 38 40 
11 29 35 38 40 
11 34 36 38 40 
15 16 18 23 27 
15 16 18 23 34 
15 16 18 23 38 
15 16 18 23 40 
15 16 18 27 34 
15 16 18 27 38 
15 16 18 27 40 
15 16 18 34 36 
15 16 18 34 38 
15 16 18 34 40 
15 16 18 36 40 
15 16 18 38 40 
15 16 23 27 34 
15 16 23 27 38 
15 16 23 27 40 
15 16 23 34 38 
15 16 23 34 40 
15 16 23 38 40 
15 16 27 34 38 
15 16 27 34 40 
15 16 27 38 40 
15 16 34 36 40 
15 16 34 38 40 
15 18 23 27 34 
15 18 23 27 38 
15 18 23 27 40 
15 18 23 34 38 
15 18 23 34 40 
15 18 23 38 40 
15 18 27 34 38 
15 18 27 34 40 
15 18 27 38 40 
15 18 34 36 38 
15 18 34 36 40 
15 18 34 38 40 
15 18 36 38 40 
15 23 27 34 38 
15 23 27 34 40 
15 23 27 38 40 
15 23 34 38 40 
15 27 34 38 40 
15 34 36 38 40 
16 18 23 27 34 
16 18 23 27 38 
16 18 23 27 40 
16 18 23 34 38 
16 18 23 34 40 
16 18 23 38 40 
16 18 27 34 38 
16 18 27 34 40 
16 18 27 38 40 
16 18 29 38 40 
16 18 34 36 40 
16 18 34 38 40 
16 19 23 27 34 
16 19 23 27 38 
16 19 23 27 40 
16 19 23 34 38 
16 19 23 34 40 
16 19 23 38 40 
16 19 27 34 38 
16 19 27 34 40 
16 19 27 38 40 
16 19 34 38 40 
16 23 27 34 38 
16 23 27 34 40 
16 23 27 38 40 
16 23 34 38 40 
16 27 34 38 40 
18 23 27 34 38 
18 23 27 34 40 
18 23 27 38 40 
18 23 34 38 40 
18 27 34 38 40 
18 34 36 38 40 
19 23 27 34 38 
19 23 27 34 40 
19 23 27 38 40 
19 23 34 38 40 
19 27 34 38 40 
23 27 34 38 40 
Frequent 6-itemsets in partition: 
2 3 5 11 15 16 
2 3 5 11 15 18 
2 3 5 11 15 36 
2 3 5 11 15 40 
2 3 5 11 16 18 
2 3 5 11 16 36 
2 3 5 11 16 40 
2 3 5 11 18 36 
2 3 5 11 18 40 
2 3 5 11 36 40 
2 3 5 15 16 18 
2 3 5 15 16 36 
2 3 5 15 16 40 
2 3 5 15 18 36 
2 3 5 15 18 40 
2 3 5 15 36 40 
2 3 5 16 18 36 
2 3 5 16 18 40 
2 3 5 16 36 40 
2 3 5 18 36 40 
2 3 11 15 16 18 
2 3 11 15 16 36 
2 3 11 15 16 40 
2 3 11 15 18 36 
2 3 11 15 18 40 
2 3 11 15 36 40 
2 3 11 16 18 36 
2 3 11 16 18 40 
2 3 11 16 36 40 
2 3 11 18 36 40 
2 3 15 16 18 36 
2 3 15 16 18 40 
2 3 15 16 36 40 
2 3 15 18 36 40 
2 3 16 18 36 40 
2 5 11 15 16 18 
2 5 11 15 16 36 
2 5 11 15 16 40 
2 5 11 15 18 36 
2 5 11 15 18 40 
2 5 11 15 36 40 
2 5 11 16 18 36 
2 5 11 16 18 40 
2 5 11 16 36 40 
2 5 11 18 36 40 
2 5 15 16 18 36 
2 5 15 16 18 40 
2 5 15 16 36 40 
2 5 15 18 36 40 
2 5 16 18 36 40 
2 9 11 16 29 40 
2 11 15 16 18 36 
2 11 15 16 18 40 
2 11 15 16 36 40 
2 11 15 18 36 40 
2 11 16 18 29 40 
2 11 16 18 36 40 
2 15 16 18 36 40 
3 5 6 11 15 16 
3 5 6 11 15 18 
3 5 6 11 15 36 
3 5 6 11 15 40 
3 5 6 11 16 18 
3 5 6 11 16 36 
3 5 6 11 16 40 
3 5 6 11 18 36 
3 5 6 11 18 40 
3 5 6 11 36 40 
3 5 6 15 16 18 
3 5 6 15 16 36 
3 5 6 15 16 40 
3 5 6 15 18 36 
3 5 6 15 18 40 
3 5 6 15 36 40 
3 5 6 16 18 36 
3 5 6 16 18 40 
3 5 6 16 36 40 
3 5 6 18 36 40 
3 5 11 15 16 18 
3 5 11 15 16 36 
3 5 11 15 16 40 
3 5 11 15 18 36 
3 5 11 15 18 40 
3 5 11 15 36 40 
3 5 11 16 18 36 
3 5 11 16 18 40 
3 5 11 16 36 40 
3 5 11 18 36 40 
3 5 15 16 18 36 
3 5 15 16 18 40 
3 5 15 16 36 40 
3 5 15 18 36 40 
3 5 16 18 36 40 
3 6 10 11 15 18 
3 6 10 11 15 34 
3 6 10 11 15 36 
3 6 10 11 15 38 
3 6 10 11 15 40 
3 6 10 11 18 34 
3 6 10 11 18 36 
3 6 10 11 18 38 
3 6 10 11 18 40 
3 6 10 11 34 36 
3 6 10 11 34 38 
3 6 10 11 34 40 
3 6 10 11 36 38 
3 6 10 11 36 40 
3 6 10 11 38 40 
3 6 10 15 18 34 
3 6 10 15 18 36 
3 6 10 15 18 38 
3 6 10 15 18 40 
3 6 10 15 34 36 
3 6 10 15 34 38 
3 6 10 15 34 40 
3 6 10 15 36 38 
3 6 10 15 36 40 
3 6 10 15 38 40 
3 6 10 18 34 36 
3 6 10 18 34 38 
3 6 10 18 34 40 
3 6 10 18 36 38 
3 6 10 18 36 40 
3 6 10 18 38 40 
3 6 10 34 36 38 
3 6 10 34 36 40 
3 6 10 34 38 40 
3 6 10 36 38 40 
3 6 11 15 16 18 
3 6 11 15 16 34 
3 6 11 15 16 36 
3 6 11 15 16 40 
3 6 11 15 18 34 
3 6 11 15 18 36 
3 6 11 15 18 38 
3 6 11 15 18 40 
3 6 11 15 34 36 
3 6 11 15 34 38 
3 6 11 15 34 40 
3 6 11 15 36 38 
3 6 11 15 36 40 
3 6 11 15 38 40 
3 6 11 16 18 34 
3 6 11 16 18 36 
3 6 11 16 18 40 
3 6 11 16 34 36 
3 6 11 16 34 40 
3 6 11 16 36 40 
3 6 11 18 34 36 
3 6 11 18 34 38 
3 6 11 18 34 40 
3 6 11 18 36 38 
3 6 11 18 36 40 
3 6 11 18 38 40 
3 6 11 34 36 38 
3 6 11 34 36 40 
3 6 11 34 38 40 
3 6 11 36 38 40 
3 6 15 16 18 23 
3 6 15 16 18 27 
3 6 15 16 18 34 
3 6 15 16 18 36 
3 6 15 16 18 40 
3 6 15 16 23 27 
3 6 15 16 23 40 
3 6 15 16 27 40 
3 6 15 16 34 36 
3 6 15 16 34 40 
3 6 15 16 36 40 
3 6 15 18 23 27 
3 6 15 18 23 34 
3 6 15 18 23 38 
3 6 15 18 23 40 
3 6 15 18 27 34 
3 6 15 18 27 38 
3 6 15 18 27 40 
3 6 15 18 34 36 
3 6 15 18 34 38 
3 6 15 18 34 40 
3 6 15 18 36 38 
3 6 15 18 36 40 
3 6 15 18 38 40 
3 6 15 23 27 34 
3 6 15 23 27 38 
3 6 15 23 27 40 
3 6 15 23 34 38 
3 6 15 23 34 40 
3 6 15 23 38 40 
3 6 15 27 34 38 
3 6 15 27 34 40 
3 6 15 27 38 40 
3 6 15 34 36 38 
3 6 15 34 36 40 
3 6 15 34 38 40 
3 6 15 36 38 40 
3 6 16 18 23 27 
3 6 16 18 23 40 
3 6 16 18 27 40 
3 6 16 18 34 36 
3 6 16 18 34 40 
3 6 16 18 36 40 
3 6 16 23 27 40 
3 6 16 34 36 40 
3 6 18 23 27 34 
3 6 18 23 27 38 
3 6 18 23 27 40 
3 6 18 23 34 38 
3 6 18 23 34 40 
3 6 18 23 38 40 
3 6 18 27 34 38 
3 6 18 27 34 40 
3 6 18 27 38 40 
3 6 18 34 36 38 
3 6 18 34 36 40 
3 6 18 34 38 40 
3 6 18 36 38 40 
3 6 23 27 34 38 
3 6 23 27 34 40 
3 6 23 27 38 40 
3 6 23 34 38 40 
3 6 27 34 38 40 
3 6 34 36 38 40 
3 10 11 15 18 34 
3 10 11 15 18 36 
3 10 11 15 18 38 
3 10 11 15 18 40 
3 10 11 15 34 36 
3 10 11 15 34 38 
3 10 11 15 34 40 
3 10 11 15 36 38 
3 10 11 15 36 40 
3 10 11 15 38 40 
3 10 11 18 34 36 
3 10 11 18 34 38 
3 10 11 18 34 40 
3 10 11 18 36 38 
3 10 11 18 36 40 
3 10 11 18 38 40 
3 10 11 34 36 38 
3 10 11 34 36 40 
3 10 11 34 38 40 
3 10 11 36 38 40 
3 10 15 18 34 36 
3 10 15 18 34 38 
3 10 15 18 34 40 
3 10 15 18 36 38 
3 10 15 18 36 40 
3 10 15 18 38 40 
3 10 15 34 36 38 
3 10 15 34 36 40 
3 10 15 34 38 40 
3 10 15 36 38 40 
3 10 18 34 36 38 
3 10 18 34 36 40 
3 10 18 34 38 40 
3 10 18 36 38 40 
3 10 34 36 38 40 
3 11 15 16 18 34 
3 11 15 16 18 36 
3 11 15 16 18 38 
3 11 15 16 18 40 
3 11 15 16 34 36 
3 11 15 16 34 38 
3 11 15 16 34 40 
3 11 15 16 36 40 
3 11 15 16 38 40 
3 11 15 18 34 36 
3 11 15 18 34 38 
3 11 15 18 34 40 
3 11 15 18 36 38 
3 11 15 18 36 40 
3 11 15 18 38 40 
3 11 15 34 36 38 
3 11 15 34 36 40 
3 11 15 34 38 40 
3 11 15 36 38 40 
3 11 16 18 34 36 
3 11 16 18 34 38 
3 11 16 18 34 40 
3 11 16 18 36 40 
3 11 16 18 38 40 
3 11 16 34 36 40 
3 11 16 34 38 40 
3 11 18 34 36 38 
3 11 18 34 36 40 
3 11 18 34 38 40 
3 11 18 36 38 40 
3 11 34 36 38 40 
3 15 16 18 23 27 
3 15 16 18 23 34 
3 15 16 18 23 38 
3 15 16 18 23 40 
3 15 16 18 27 34 
3 15 16 18 27 38 
3 15 16 18 27 40 
3 15 16 18 34 36 
3 15 16 18 34 38 
3 15 16 18 34 40 
3 15 16 18 36 40 
3 15 16 18 38 40 
3 15 16 23 27 34 
3 15 16 23 27 38 
3 15 16 23 27 40 
3 15 16 23 34 38 
3 15 16 23 34 40 
3 15 16 23 38 40 
3 15 16 27 34 38 
3 15 16 27 34 40 
3 15 16 27 38 40 
3 15 16 34 36 40 
3 15 16 34 38 40 
3 15 18 23 27 34 
3 15 18 23 27 38 
3 15 18 23 27 40 
3 15 18 23 34 38 
3 15 18 23 34 40 
3 15 18 23 38 40 
3 15 18 27 34 38 
3 15 18 27 34 40 
3 15 18 27 38 40 
3 15 18 34 36 38 
3 15 18 34 36 40 
3 15 18 34 38 40 
3 15 18 36 38 40 
3 15 23 27 34 38 
3 15 23 27 34 40 
3 15 23 27 38 40 
3 15 23 34 38 40 
3 15 27 34 38 40 
3 15 34 36 38 40 
3 16 18 23 27 34 
3 16 18 23 27 38 
3 16 18 23 27 40 
3 16 18 23 34 38 
3 16 18 23 34 40 
3 16 18 23 38 40 
3 16 18 27 34 38 
3 16 18 27 34 40 
3 16 18 27 38 40 
3 16 18 34 36 40 
3 16 18 34 38 40 
3 16 23 27 34 38 
3 16 23 27 34 40 
3 16 23 27 38 40 
3 16 23 34 38 40 
3 16 27 34 38 40 
3 18 23 27 34 38 
3 18 23 27 34 40 
3 18 23 27 38 40 
3 18 23 34 38 40 
3 18 27 34 38 40 
3 18 34 36 38 40 
3 23 27 34 38 40 
4 5 6 16 18 36 
4 5 6 16 18 40 
4 5 6 16 36 40 
4 5 6 18 36 40 
4 5 16 18 36 40 
4 6 16 18 23 27 
4 6 16 18 23 40 
4 6 16 18 27 40 
4 6 16 18 36 40 
4 6 16 23 27 38 
4 6 16 23 27 40 
4 6 18 23 27 38 
4 6 18 23 27 40 
4 6 18 23 38 40 
4 6 18 27 38 40 
4 6 18 36 38 40 
4 6 23 27 38 40 
4 16 18 23 27 40 
4 16 19 23 27 38 
4 18 23 27 38 40 
4 19 23 27 38 40 
5 6 11 15 16 18 
5 6 11 15 16 36 
5 6 11 15 16 40 
5 6 11 15 18 36 
5 6 11 15 18 40 
5 6 11 15 36 40 
5 6 11 16 18 36 
5 6 11 16 18 40 
5 6 11 16 36 40 
5 6 11 18 36 40 
5 6 15 16 18 36 
5 6 15 16 18 40 
5 6 15 16 36 40 
5 6 15 18 36 40 
5 6 16 18 36 40 
5 11 15 16 18 36 
5 11 15 16 18 40 
5 11 15 16 36 40 
5 11 15 18 36 40 
5 11 16 18 36 40 
5 15 16 18 36 40 
6 10 11 15 18 34 
6 10 11 15 18 36 
6 10 11 15 18 38 
6 10 11 15 18 40 
6 10 11 15 34 36 
6 10 11 15 34 38 
6 10 11 15 34 40 
6 10 11 15 36 38 
6 10 11 15 36 40 
6 10 11 15 38 40 
6 10 11 18 34 36 
6 10 11 18 34 38 
6 10 11 18 34 40 
6 10 11 18 36 38 
6 10 11 18 36 40 
6 10 11 18 38 40 
6 10 11 34 36 38 
6 10 11 34 36 40 
6 10 11 34 38 40 
6 10 11 36 38 40 
6 10 15 18 34 36 
6 10 15 18 34 38 
6 10 15 18 34 40 
6 10 15 18 36 38 
6 10 15 18 36 40 
6 10 15 18 38 40 
6 10 15 34 36 38 
6 10 15 34 36 40 
6 10 15 34 38 40 
6 10 15 36 38 40 
6 10 18 34 36 38 
6 10 18 34 36 40 
6 10 18 34 38 40 
6 10 18 36 38 40 
6 10 34 36 38 40 
6 11 15 16 18 34 
6 11 15 16 18 36 
6 11 15 16 18 40 
6 11 15 16 34 36 
6 11 15 16 34 40 
6 11 15 16 36 40 
6 11 15 18 34 36 
6 11 15 18 34 38 
6 11 15 18 34 40 
6 11 15 18 36 38 
6 11 15 18 36 40 
6 11 15 18 38 40 
6 11 15 34 36 38 
6 11 15 34 36 40 
6 11 15 34 38 40 
6 11 15 36 38 40 
6 11 16 18 34 36 
6 11 16 18 34 40 
6 11 16 18 36 40 
6 11 16 34 36 40 
6 11 18 34 36 38 
6 11 18 34 36 40 
6 11 18 34 38 40 
6 11 18 36 38 40 
6 11 34 36 38 40 
6 15 16 18 23 27 
6 15 16 18 23 40 
6 15 16 18 27 40 
6 15 16 18 34 36 
6 15 16 18 34 40 
6 15 16 18 36 40 
6 15 16 23 27 40 
6 15 16 34 36 40 
6 15 18 23 27 34 
6 15 18 23 27 38 
6 15 18 23 27 40 
6 15 18 23 34 38 
6 15 18 23 34 40 
6 15 18 23 38 40 
6 15 18 27 34 38 
6 15 18 27 34 40 
6 15 18 27 38 40 
6 15 18 34 36 38 
6 15 18 34 36 40 
6 15 18 34 38 40 
6 15 18 36 38 40 
6 15 23 27 34 38 
6 15 23 27 34 40 
6 15 23 27 38 40 
6 15 23 34 38 40 
6 15 27 34 38 40 
6 15 34 36 38 40 
6 16 18 23 27 40 
6 16 18 34 36 40 
6 16 23 27 34 38 
6 18 23 27 34 38 
6 18 23 27 34 40 
6 18 23 27 38 40 
6 18 23 34 38 40 
6 18 27 34 38 40 
6 18 34 36 38 40 
6 23 27 34 38 40 
10 11 15 18 34 36 
10 11 15 18 34 38 
10 11 15 18 34 40 
10 11 15 18 36 38 
10 11 15 18 36 40 
10 11 15 18 38 40 
10 11 15 34 36 38 
10 11 15 34 36 40 
10 11 15 34 38 40 
10 11 15 36 38 40 
10 11 18 34 36 38 
10 11 18 34 36 40 
10 11 18 34 38 40 
10 11 18 36 38 40 
10 11 34 36 38 40 
10 15 18 34 36 38 
10 15 18 34 36 40 
10 15 18 34 38 40 
10 15 18 36 38 40 
10 15 34 36 38 40 
10 18 34 36 38 40 
11 15 16 18 34 36 
11 15 16 18 34 38 
11 15 16 18 34 40 
11 15 16 18 36 40 
11 15 16 18 38 40 
11 15 16 34 36 40 
11 15 16 34 38 40 
11 15 18 34 36 38 
11 15 18 34 36 40 
11 15 18 34 38 40 
11 15 18 36 38 40 
11 15 34 36 38 40 
11 16 18 29 38 40 
11 16 18 34 36 40 
11 16 18 34 38 40 
11 16 19 34 38 40 
11 18 34 36 38 40 
15 16 18 23 27 34 
15 16 18 23 27 38 
15 16 18 23 27 40 
15 16 18 23 34 38 
15 16 18 23 34 40 
15 16 18 23 38 40 
15 16 18 27 34 38 
15 16 18 27 34 40 
15 16 18 27 38 40 
15 16 18 34 36 40 
15 16 18 34 38 40 
15 16 23 27 34 38 
15 16 23 27 34 40 
15 16 23 27 38 40 
15 16 23 34 38 40 
15 16 27 34 38 40 
15 18 23 27 34 38 
15 18 23 27 34 40 
15 18 23 27 38 40 
15 18 23 34 38 40 
15 18 27 34 38 40 
15 18 34 36 38 40 
15 23 27 34 38 40 
16 18 23 27 34 38 
16 18 23 27 34 40 
16 18 23 27 38 40 
16 18 23 34 38 40 
16 18 27 34 38 40 
16 19 23 27 34 38 
16 19 23 27 34 40 
16 19 23 27 38 40 
16 19 23 34 38 40 
16 19 27 34 38 40 
16 23 27 34 38 40 
18 23 27 34 38 40 
19 23 27 34 38 40 
Frequent 7-itemsets in partition: 
2 3 5 11 15 16 18 
2 3 5 11 15 16 36 
2 3 5 11 15 16 40 
2 3 5 11 15 18 36 
2 3 5 11 15 18 40 
2 3 5 11 15 36 40 
2 3 5 11 16 18 36 
2 3 5 11 16 18 40 
2 3 5 11 16 36 40 
2 3 5 11 18 36 40 
2 3 5 15 16 18 36 
2 3 5 15 16 18 40 
2 3 5 15 16 36 40 
2 3 5 15 18 36 40 
2 3 5 16 18 36 40 
2 3 11 15 16 18 36 
2 3 11 15 16 18 40 
2 3 11 15 16 36 40 
2 3 11 15 18 36 40 
2 3 11 16 18 36 40 
2 3 15 16 18 36 40 
2 5 11 15 16 18 36 
2 5 11 15 16 18 40 
2 5 11 15 16 36 40 
2 5 11 15 18 36 40 
2 5 11 16 18 36 40 
2 5 15 16 18 36 40 
2 11 15 16 18 36 40 
3 5 6 11 15 16 18 
3 5 6 11 15 16 36 
3 5 6 11 15 16 40 
3 5 6 11 15 18 36 
3 5 6 11 15 18 40 
3 5 6 11 15 36 40 
3 5 6 11 16 18 36 
3 5 6 11 16 18 40 
3 5 6 11 16 36 40 
3 5 6 11 18 36 40 
3 5 6 15 16 18 36 
3 5 6 15 16 18 40 
3 5 6 15 16 36 40 
3 5 6 15 18 36 40 
3 5 6 16 18 36 40 
3 5 11 15 16 18 36 
3 5 11 15 16 18 40 
3 5 11 15 16 36 40 
3 5 11 15 18 36 40 
3 5 11 16 18 36 40 
3 5 15 16 18 36 40 
3 6 10 11 15 18 34 
3 6 10 11 15 18 36 
3 6 10 11 15 18 38 
3 6 10 11 15 18 40 
3 6 10 11 15 34 36 
3 6 10 11 15 34 38 
3 6 10 11 15 34 40 
3 6 10 11 15 36 38 
3 6 10 11 15 36 40 
3 6 10 11 15 38 40 
3 6 10 11 18 34 36 
3 6 10 11 18 34 38 
3 6 10 11 18 34 40 
3 6 10 11 18 36 38 
3 6 10 11 18 36 40 
3 6 10 11 18 38 40 
3 6 10 11 34 36 38 
3 6 10 11 34 36 40 
3 6 10 11 34 38 40 
3 6 10 11 36 38 40 
3 6 10 15 18 34 36 
3 6 10 15 18 34 38 
3 6 10 15 18 34 40 
3 6 10 15 18 36 38 
3 6 10 15 18 36 40 
3 6 10 15 18 38 40 
3 6 10 15 34 36 38 
3 6 10 15 34 36 40 
3 6 10 15 34 38 40 
3 6 10 15 36 38 40 
3 6 10 18 34 36 38 
3 6 10 18 34 36 40 
3 6 10 18 34 38 40 
3 6 10 18 36 38 40 
3 6 10 34 36 38 40 
3 6 11 15 16 18 34 
3 6 11 15 16 18 36 
3 6 11 15 16 18 40 
3 6 11 15 16 34 36 
3 6 11 15 16 34 40 
3 6 11 15 16 36 40 
3 6 11 15 18 34 36 
3 6 11 15 18 34 38 
3 6 11 15 18 34 40 
3 6 11 15 18 36 38 
3 6 11 15 18 36 40 
3 6 11 15 18 38 40 
3 6 11 15 34 36 38 
3 6 11 15 34 36 40 
3 6 11 15 34 38 40 
3 6 11 15 36 38 40 
3 6 11 16 18 34 36 
3 6 11 16 18 34 40 
3 6 11 16 18 36 40 
3 6 11 16 34 36 40 
3 6 11 18 34 36 38 
3 6 11 18 34 36 40 
3 6 11 18 34 38 40 
3 6 11 18 36 38 40 
3 6 11 34 36 38 40 
3 6 15 16 18 23 27 
3 6 15 16 18 23 40 
3 6 15 16 18 27 40 
3 6 15 16 18 34 36 
3 6 15 16 18 34 40 
3 6 15 16 18 36 40 
3 6 15 16 23 27 40 
3 6 15 16 34 36 40 
3 6 15 18 23 27 34 
3 6 15 18 23 27 38 
3 6 15 18 23 27 40 
3 6 15 18 23 34 38 
3 6 15 18 23 34 40 
3 6 15 18 23 38 40 
3 6 15 18 27 34 38 
3 6 15 18 27 34 40 
3 6 15 18 27 38 40 
3 6 15 18 34 36 38 
3 6 15 18 34 36 40 
3 6 15 18 34 38 40 
3 6 15 18 36 38 40 
3 6 15 23 27 34 38 
3 6 15 23 27 34 40 
3 6 15 23 27 38 40 
3 6 15 23 34 38 40 
3 6 15 27 34 38 40 
3 6 15 34 36 38 40 
3 6 16 18 23 27 40 
3 6 16 18 34 36 40 
3 6 18 23 27 34 38 
3 6 18 23 27 34 40 
3 6 18 23 27 38 40 
3 6 18 23 34 38 40 
3 6 18 27 34 38 40 
3 6 18 34 36 38 40 
3 6 23 27 34 38 40 
3 10 11 15 18 34 36 
3 10 11 15 18 34 38 
3 10 11 15 18 34 40 
3 10 11 15 18 36 38 
3 10 11 15 18 36 40 
3 10 11 15 18 38 40 
3 10 11 15 34 36 38 
3 10 11 15 34 36 40 
3 10 11 15 34 38 40 
3 10 11 15 36 38 40 
3 10 11 18 34 36 38 
3 10 11 18 34 36 40 
3 10 11 18 34 38 40 
3 10 11 18 36 38 40 
3 10 11 34 36 38 40 
3 10 15 18 34 36 38 
3 10 15 18 34 36 40 
3 10 15 18 34 38 40 
3 10 15 18 36 38 40 
3 10 15 34 36 38 40 
3 10 18 34 36 38 40 
3 11 15 16 18 34 36 
3 11 15 16 18 34 38 
3 11 15 16 18 34 40 
3 11 15 16 18 36 40 
3 11 15 16 18 38 40 
3 11 15 16 34 36 40 
3 11 15 16 34 38 40 
3 11 15 18 34 36 38 
3 11 15 18 34 36 40 
3 11 15 18 34 38 40 
3 11 15 18 36 38 40 
3 11 15 34 36 38 40 
3 11 16 18 34 36 40 
3 11 16 18 34 38 40 
3 11 18 34 36 38 40 
3 15 16 18 23 27 34 
3 15 16 18 23 27 38 
3 15 16 18 23 27 40 
3 15 16 18 23 34 38 
3 15 16 18 23 34 40 
3 15 16 18 23 38 40 
3 15 16 18 27 34 38 
3 15 16 18 27 34 40 
3 15 16 18 27 38 40 
3 15 16 18 34 36 40 
3 15 16 18 34 38 40 
3 15 16 23 27 34 38 
3 15 16 23 27 34 40 
3 15 16 23 27 38 40 
3 15 16 23 34 38 40 
3 15 16 27 34 38 40 
3 15 18 23 27 34 38 
3 15 18 23 27 34 40 
3 15 18 23 27 38 40 
3 15 18 23 34 38 40 
3 15 18 27 34 38 40 
3 15 18 34 36 38 40 
3 15 23 27 34 38 40 
3 16 18 23 27 34 38 
3 16 18 23 27 34 40 
3 16 18 23 27 38 40 
3 16 18 23 34 38 40 
3 16 18 27 34 38 40 
3 16 23 27 34 38 40 
3 18 23 27 34 38 40 
4 5 6 16 18 36 40 
4 6 16 18 23 27 40 
4 6 18 23 27 38 40 
5 6 11 15 16 18 36 
5 6 11 15 16 18 40 
5 6 11 15 16 36 40 
5 6 11 15 18 36 40 
5 6 11 16 18 36 40 
5 6 15 16 18 36 40 
5 11 15 16 18 36 40 
6 10 11 15 18 34 36 
6 10 11 15 18 34 38 
6 10 11 15 18 34 40 
6 10 11 15 18 36 38 
6 10 11 15 18 36 40 
6 10 11 15 18 38 40 
6 10 11 15 34 36 38 
6 10 11 15 34 36 40 
6 10 11 15 34 38 40 
6 10 11 15 36 38 40 
6 10 11 18 34 36 38 
6 10 11 18 34 36 40 
6 10 11 18 34 38 40 
6 10 11 18 36 38 40 
6 10 11 34 36 38 40 
6 10 15 18 34 36 38 
6 10 15 18 34 36 40 
6 10 15 18 34 38 40 
6 10 15 18 36 38 40 
6 10 15 34 36 38 40 
6 10 18 34 36 38 40 
6 11 15 16 18 34 36 
6 11 15 16 18 34 40 
6 11 15 16 18 36 40 
6 11 15 16 34 36 40 
6 11 15 18 34 36 38 
6 11 15 18 34 36 40 
6 11 15 18 34 38 40 
6 11 15 18 36 38 40 
6 11 15 34 36 38 40 
6 11 16 18 34 36 40 
6 11 18 34 36 38 40 
6 15 16 18 23 27 40 
6 15 16 18 34 36 40 
6 15 18 23 27 34 38 
6 15 18 23 27 34 40 
6 15 18 23 27 38 40 
6 15 18 23 34 38 40 
6 15 18 27 34 38 40 
6 15 18 34 36 38 40 
6 15 23 27 34 38 40 
6 18 23 27 34 38 40 
10 11 15 18 34 36 38 
10 11 15 18 34 36 40 
10 11 15 18 34 38 40 
10 11 15 18 36 38 40 
10 11 15 34 36 38 40 
10 11 18 34 36 38 40 
10 15 18 34 36 38 40 
11 15 16 18 34 36 40 
11 15 16 18 34 38 40 
11 15 18 34 36 38 40 
15 16 18 23 27 34 38 
15 16 18 23 27 34 40 
15 16 18 23 27 38 40 
15 16 18 23 34 38 40 
15 16 18 27 34 38 40 
15 16 23 27 34 38 40 
15 18 23 27 34 38 40 
16 18 23 27 34 38 40 
16 19 23 27 34 38 40 
Frequent 8-itemsets in partition: 
2 3 5 11 15 16 18 36 
2 3 5 11 15 16 18 40 
2 3 5 11 15 16 36 40 
2 3 5 11 15 18 36 40 
2 3 5 11 16 18 36 40 
2 3 5 15 16 18 36 40 
2 3 11 15 16 18 36 40 
2 5 11 15 16 18 36 40 
3 5 6 11 15 16 18 36 
3 5 6 11 15 16 18 40 
3 5 6 11 15 16 36 40 
3 5 6 11 15 18 36 40 
3 5 6 11 16 18 36 40 
3 5 6 15 16 18 36 40 
3 5 11 15 16 18 36 40 
3 6 10 11 15 18 34 36 
3 6 10 11 15 18 34 38 
3 6 10 11 15 18 34 40 
3 6 10 11 15 18 36 38 
3 6 10 11 15 18 36 40 
3 6 10 11 15 18 38 40 
3 6 10 11 15 34 36 38 
3 6 10 11 15 34 36 40 
3 6 10 11 15 34 38 40 
3 6 10 11 15 36 38 40 
3 6 10 11 18 34 36 38 
3 6 10 11 18 34 36 40 
3 6 10 11 18 34 38 40 
3 6 10 11 18 36 38 40 
3 6 10 11 34 36 38 40 
3 6 10 15 18 34 36 38 
3 6 10 15 18 34 36 40 
3 6 10 15 18 34 38 40 
3 6 10 15 18 36 38 40 
3 6 10 15 34 36 38 40 
3 6 10 18 34 36 38 40 
3 6 11 15 16 18 34 36 
3 6 11 15 16 18 34 40 
3 6 11 15 16 18 36 40 
3 6 11 15 16 34 36 40 
3 6 11 15 18 34 36 38 
3 6 11 15 18 34 36 40 
3 6 11 15 18 34 38 40 
3 6 11 15 18 36 38 40 
3 6 11 15 34 36 38 40 
3 6 11 16 18 34 36 40 
3 6 11 18 34 36 38 40 
3 6 15 16 18 23 27 40 
3 6 15 16 18 34 36 40 
3 6 15 18 23 27 34 38 
3 6 15 18 23 27 34 40 
3 6 15 18 23 27 38 40 
3 6 15 18 23 34 38 40 
3 6 15 18 27 34 38 40 
3 6 15 18 34 36 38 40 
3 6 15 23 27 34 38 40 
3 6 18 23 27 34 38 40 
3 10 11 15 18 34 36 38 
3 10 11 15 18 34 36 40 
3 10 11 15 18 34 38 40 
3 10 11 15 18 36 38 40 
3 10 11 15 34 36 38 40 
3 10 11 18 34 36 38 40 
3 10 15 18 34 36 38 40 
3 11 15 16 18 34 36 40 
3 11 15 16 18 34 38 40 
3 11 15 18 34 36 38 40 
3 15 16 18 23 27 34 38 
3 15 16 18 23 27 34 40 
3 15 16 18 23 27 38 40 
3 15 16 18 23 34 38 40 
3 15 16 18 27 34 38 40 
3 15 16 23 27 34 38 40 
3 15 18 23 27 34 38 40 
3 16 18 23 27 34 38 40 
5 6 11 15 16 18 36 40 
6 10 11 15 18 34 36 38 
6 10 11 15 18 34 36 40 
6 10 11 15 18 34 38 40 
6 10 11 15 18 36 38 40 
6 10 11 15 34 36 38 40 
6 10 11 18 34 36 38 40 
6 10 15 18 34 36 38 40 
6 11 15 16 18 34 36 40 
6 11 15 18 34 36 38 40 
6 15 18 23 27 34 38 40 
10 11 15 18 34 36 38 40 
15 16 18 23 27 34 38 40 
Frequent 9-itemsets in partition: 
2 3 5 11 15 16 18 36 40 
3 5 6 11 15 16 18 36 40 
3 6 10 11 15 18 34 36 38 
3 6 10 11 15 18 34 36 40 
3 6 10 11 15 18 34 38 40 
3 6 10 11 15 18 36 38 40 
3 6 10 11 15 34 36 38 40 
3 6 10 11 18 34 36 38 40 
3 6 10 15 18 34 36 38 40 
3 6 11 15 16 18 34 36 40 
3 6 11 15 18 34 36 38 40 
3 6 15 18 23 27 34 38 40 
3 10 11 15 18 34 36 38 40 
3 15 16 18 23 27 34 38 40 
6 10 11 15 18 34 36 38 40 
Frequent 10-itemsets in partition: 
3 6 10 11 15 18 34 36 38 40 
